
lat_north = 42.356015
lat_south = 42.329917
lon_west = -71.009939
lon_east = -70.953419